0
1
16
162.96230000000003 0.0
6.108367457037648 2.6217640847782424
8.586250156951632 -1.840867561175613
16.720189527346264 1.2468746512938893
12.92348236699376 0.5818625896258216
5.943288401602384 2.0989968997030966
0.9167082754333938 -2.9359205870260245
2.402020406824805 1.8428457515406957
3.53390000000001 -3.1415926535897696
2.4020204068248576 -1.8428457515407042
0.9167082754333356 2.9359205870260943
5.943288401602389 -2.0989968997030735
12.92348236699375 -0.5818625896258234
16.720189527346296 -1.2468746512938924
8.586250156951607 1.8408675611756073
6.108367457037428 -2.6217640847782033